X1 =	 -0.886121
X2 =	  4.135231
X3 =	  5.241993
X4 =	  1.722420
